1711752520 453250339 1
1711752521 453250339 1
1711752522 453250339 1
1711752524 453250339 0
1711752525 453250339 1
1711752526 453250339 1
1711752527 453250339 1
1711752528 453250339 0
1711752530 453250339 0
1711752532 453250339 0
1711752534 453250339 0
1711752535 453250339 0
1711752536 453250339 0
1711752538 453250339 0
1711752539 453250339 0
1711752540 453250339 0
1711752541 453250339 0
1711752542 453250339 0
1711752543 565868414 1
1711752543 453250339 0
1711752544 565868414 1
1711752544 453250339 0
1711752545 565868414 1
1711752546 565868414 1
1711752546 453250339 0
1711752547 565868414 1
1711752547 453250339 0
1711752548 565868414 1
1711752548 453250339 0
1711752549 565868414 1
1711752549 453250339 0
1711752550 453250339 1
1711752550 565868414 1
1711752551 453250339 1
1711752551 565868414 1
1711752552 453250339 1
1711752552 565868414 1
1711752553 453250339 1
1711752553 565868414 1
1711752554 453250339 1
1711752555 453250339 1
1711752556 565868414 1
1711752556 453250339 1
1711752557 565868414 1
1711752557 453250339 1
1711752558 565868414 0
1711752558 453250339 1
1711752559 565868414 0
1711752559 453250339 1
1711752560 453250339 1
1711752561 453250339 1
1711752562 453250339 1
1711752564 453250339 0
1711752565 453250339 0
1711752566 453250339 0
1711752568 453250339 0
